train_net: "./proto/E2Nnet_sml_train.prototxt"
test_net: "./proto/E2Nnet_sml_test.prototxt"
test_iter: 20
test_interval: 50
base_lr: 0.009999999776482582
display: 100
max_iter: 10000
lr_policy: "step"
gamma: 0.10000000149011612
momentum: 0.8999999761581421
weight_decay: 0.0005000000237487257
stepsize: 100000
snapshot: 1000
snapshot_prefix: "./snapshot/E2Nnet_sml"
solver_mode: GPU
random_seed: 333
